[gd_scene load_steps=34 format=3 uid="uid://ckavqb25bdaul"]

[ext_resource type="Script" uid="uid://cmsccme854jlk" path="res://scenes/world.gd" id="1_71j4m"]
[ext_resource type="PackedScene" uid="uid://bp4ubw1xieqy0" path="res://scenes/player.tscn" id="2_fj7yv"]
[ext_resource type="PackedScene" uid="uid://blehc3hada28i" path="res://assets/scene.gltf" id="3_71j4m"]
[ext_resource type="PackedScene" uid="uid://b7ivx0mtrb7ci" path="res://tree1.glb" id="3_tlwt5"]
[ext_resource type="PackedScene" uid="uid://bnlekt5q526ts" path="res://tree2.glb" id="4_aqk2v"]
[ext_resource type="AudioStream" uid="uid://fhv36tfwep2b" path="res://audio/birds-chirping-75156.mp3" id="6_i7141"]
[ext_resource type="Texture2D" uid="uid://qgbg6m68ocrd" path="res://assets/textures/PAINTING 1.jpg" id="6_o8fc1"]
[ext_resource type="AudioStream" uid="uid://dft7w011u3u41" path="res://audio/midnight-cricket-sound-403101.mp3" id="6_qfnet"]
[ext_resource type="Texture2D" uid="uid://dgm55kc1wrrap" path="res://assets/textures/1.png" id="6_w7kh3"]
[ext_resource type="Texture2D" uid="uid://bgpexkcb1x1jt" path="res://assets/textures/2.png" id="7_e3hyu"]
[ext_resource type="Texture2D" uid="uid://bb3i73mx478bo" path="res://assets/textures/PAINTING 2.png" id="7_xo05s"]
[ext_resource type="Texture2D" uid="uid://cgc8jvytdsblo" path="res://assets/wood.webp" id="8_7r4gi"]
[ext_resource type="Texture2D" uid="uid://k3r8kybm1mw3" path="res://assets/textures/3.png" id="8_q5onr"]
[ext_resource type="Texture2D" uid="uid://borjac34166kk" path="res://assets/textures/book cover.png" id="9_7r4gi"]
[ext_resource type="Texture2D" uid="uid://bdy2b6abl6g01" path="res://assets/textures/door texture.jpg" id="9_jhx03"]

[sub_resource type="ProceduralSkyMaterial" id="ProceduralSkyMaterial_aqk2v"]
sky_top_color = Color(0.64705884, 0.654902, 0.67058825, 1)
sky_horizon_color = Color(0.5651441, 0.57350487, 0.5902319, 1)
ground_bottom_color = Color(0.64705884, 0.654902, 0.67058825, 1)
ground_horizon_color = Color(0.5647059, 0.57254905, 0.5921569, 1)

[sub_resource type="Sky" id="Sky_036b0"]
sky_material = SubResource("ProceduralSkyMaterial_aqk2v")

[sub_resource type="Environment" id="Environment_dwbse"]
background_mode = 2
sky = SubResource("Sky_036b0")
tonemap_mode = 3
ssao_enabled = true
glow_enabled = true
glow_strength = 0.9
glow_bloom = 0.01
glow_blend_mode = 0

[sub_resource type="StandardMaterial3D" id="StandardMaterial3D_i7141"]
albedo_color = Color(0.1254902, 0.44705883, 0.54901963, 1)

[sub_resource type="BoxMesh" id="BoxMesh_fj7yv"]
material = SubResource("StandardMaterial3D_i7141")
size = Vector3(4, 0.5, 2.5)

[sub_resource type="StandardMaterial3D" id="StandardMaterial3D_tlwt5"]

[sub_resource type="BoxShape3D" id="BoxShape3D_gv5m4"]
size = Vector3(4.0148926, 1, 2.4555054)

[sub_resource type="StandardMaterial3D" id="StandardMaterial3D_w7kh3"]
albedo_color = Color(0, 0.3254902, 0, 1)

[sub_resource type="BoxShape3D" id="BoxShape3D_qfnet"]
size = Vector3(189.815, 116.83362, 74.65112)

[sub_resource type="BoxShape3D" id="BoxShape3D_i7141"]
size = Vector3(82.27014, 92.6266, 96.38757)

[sub_resource type="StandardMaterial3D" id="StandardMaterial3D_k0juu"]
albedo_color = Color(0.54772806, 0.33790788, 0.11916501, 1)

[sub_resource type="StandardMaterial3D" id="StandardMaterial3D_71j4m"]
albedo_color = Color(0.5529412, 0.73333335, 1, 1)

[sub_resource type="StandardMaterial3D" id="StandardMaterial3D_qfnet"]
albedo_color = Color(0.5529412, 0.73333335, 1, 1)

[sub_resource type="StandardMaterial3D" id="StandardMaterial3D_7r4gi"]
albedo_color = Color(0.49919242, 0.3254226, 0.043726116, 1)

[sub_resource type="StandardMaterial3D" id="StandardMaterial3D_4mrxx"]
albedo_texture = ExtResource("9_jhx03")

[sub_resource type="StandardMaterial3D" id="StandardMaterial3D_e3hyu"]
albedo_texture = ExtResource("8_7r4gi")

[sub_resource type="StandardMaterial3D" id="StandardMaterial3D_q5onr"]

[sub_resource type="StandardMaterial3D" id="StandardMaterial3D_jhx03"]
albedo_texture = ExtResource("9_7r4gi")

[node name="World" type="Node3D"]
script = ExtResource("1_71j4m")

[node name="DirectionalLight3D" type="DirectionalLight3D" parent="."]
transform = Transform3D(-0.8660254, -0.43301278, 0.25, 0, 0.49999997, 0.86602545, -0.50000006, 0.75, -0.43301266, 0, 0, 0)
shadow_enabled = true

[node name="WorldEnvironment" type="WorldEnvironment" parent="."]
environment = SubResource("Environment_dwbse")

[node name="Bed" type="StaticBody3D" parent="." groups=["bed"]]
transform = Transform3D(1, 0, 0, 0, 1, 0, 0, 0, 1, 7.5281525, 0.7364596, -8.701254)
collision_layer = 5
metadata/_edit_group_ = true

[node name="MeshInstance3D2" type="MeshInstance3D" parent="Bed"]
mesh = SubResource("BoxMesh_fj7yv")
skeleton = NodePath("../..")
surface_material_override/0 = SubResource("StandardMaterial3D_tlwt5")

[node name="MeshInstance3D3" type="MeshInstance3D" parent="Bed"]
transform = Transform3D(0.22171146, 0, 0, 0, 0.8230672, 0, 0, 0, 0.85832244, 1.5068092, 0.3876381, 0)
mesh = SubResource("BoxMesh_fj7yv")
skeleton = NodePath("../..")
surface_material_override/0 = SubResource("StandardMaterial3D_tlwt5")

[node name="CollisionShape3D" type="CollisionShape3D" parent="Bed"]
transform = Transform3D(1, 0, 0, 0, 1, 0, 0, 0, 1, 0.00061035156, 0, 0.0025939941)
shape = SubResource("BoxShape3D_gv5m4")

[node name="CSGBox3D10" type="CSGBox3D" parent="Bed"]
transform = Transform3D(1, 0, 0, 0, 1, 0, 0, 0, 1, -0.014372826, 0.20409298, 0.017959595)
size = Vector3(4, 0.5, 2.6038818)
material = SubResource("StandardMaterial3D_w7kh3")

[node name="Player" parent="." instance=ExtResource("2_fj7yv")]
transform = Transform3D(0.6898596, 0, 0.7239431, 0, 1, 0, -0.7239431, 0, 0.6898596, 8.027, 1.3969636, -3.5685992)

[node name="Comp" type="StaticBody3D" parent="." groups=["computer"]]
transform = Transform3D(-8.7422775e-10, 0, 0.02, 0, 0.02, 0, -0.02, 0, -8.7422775e-10, 2.133747, 0.4657662, -3.7667227)
collision_layer = 3

[node name="Sketchfab_Scene" parent="Comp" instance=ExtResource("3_71j4m")]

[node name="CollisionShape3D" type="CollisionShape3D" parent="Comp"]
transform = Transform3D(1, 0, 3.5527137e-15, 0, 1, 0, -3.5527137e-15, 0, 1, 0.6772766, 57.41681, 36.32556)
shape = SubResource("BoxShape3D_qfnet")

[node name="CollisionShape3D2" type="CollisionShape3D" parent="Comp"]
transform = Transform3D(1, 0, 3.5527137e-15, 0, 1, 0, -3.5527137e-15, 0, 1, 14.360504, 45.8133, 117.80708)
shape = SubResource("BoxShape3D_i7141")

[node name="Trees" type="Node3D" parent="."]

[node name="tree1" parent="Trees" instance=ExtResource("3_tlwt5")]
transform = Transform3D(-0.6926594, 0, 0.7212649, 0, 1, 0, -0.7212649, 0, -0.6926594, -22.696018, 0.46577, -25.453896)

[node name="tree4" parent="Trees" instance=ExtResource("3_tlwt5")]
transform = Transform3D(-0.6926594, 0, 0.7212649, 0, 1, 0, -0.7212649, 0, -0.6926594, -11.877045, 0.46577, -35.84379)

[node name="tree2" parent="Trees" instance=ExtResource("4_aqk2v")]
transform = Transform3D(-0.6926594, 0, 0.7212649, 0, 1, 0, -0.7212649, 0, -0.6926594, -15.622725, 0.5000038, -30.25745)

[node name="tree3" parent="Trees" instance=ExtResource("4_aqk2v")]
transform = Transform3D(-0.6926594, 0, 0.7212649, 0, 1, 0, -0.7212649, 0, -0.6926594, -16.458412, 0.5000038, -23.909092)

[node name="tree5" parent="Trees" instance=ExtResource("4_aqk2v")]
transform = Transform3D(0.027258672, 0, 0.9996284, 0, 1, 0, -0.9996284, 0, 0.027258672, -18.347672, 0.5000038, -17.775642)

[node name="tree6" parent="Trees" instance=ExtResource("3_tlwt5")]
transform = Transform3D(-0.2244918, 0, 0.974476, 0, 1, 0, -0.974476, 0, -0.2244918, -9.259945, 0.4657662, -14.601957)

[node name="tree7" parent="Trees" instance=ExtResource("3_tlwt5")]
transform = Transform3D(1, 0, 0, 0, 1, 0, 0, 0, 1, -1.8609381, 0.4657662, 8.508803)

[node name="tree9" parent="Trees" instance=ExtResource("3_tlwt5")]
transform = Transform3D(-0.5809873, 0, -0.8139127, 0, 1, 0, 0.8139127, 0, -0.5809873, -19.22947, 0.47193074, -10.558839)

[node name="tree10" parent="Trees" instance=ExtResource("3_tlwt5")]
transform = Transform3D(-0.6926594, 0, 0.7212649, 0, 1, 0, -0.7212649, 0, -0.6926594, -12.208273, 0.3048792, -23.3191)

[node name="tree11" parent="Trees" instance=ExtResource("4_aqk2v")]
transform = Transform3D(-0.6926594, 0, 0.7212649, 0, 1, 0, -0.7212649, 0, -0.6926594, -1.8316851, 0.44698465, -14.143194)

[node name="tree12" parent="Trees" instance=ExtResource("4_aqk2v")]
transform = Transform3D(-0.6926594, 0, 0.7212649, 0, 1, 0, -0.7212649, 0, -0.6926594, -2.5618467, 0.3757825, 1.0681982)

[node name="tree13" parent="Trees" instance=ExtResource("3_tlwt5")]
transform = Transform3D(-0.73987794, 0, -0.6727413, 0, 1, 0, 0.6727413, 0, -0.73987794, -10.635609, 0.3609059, 2.4883208)

[node name="tree14" parent="Trees" instance=ExtResource("3_tlwt5")]
transform = Transform3D(-0.739878, 0, -0.6727413, 0, 1, 0, 0.6727413, 0, -0.739878, -20.51485, -0.80232215, -5.4309473)

[node name="tree15" parent="Trees" instance=ExtResource("4_aqk2v")]
transform = Transform3D(-0.73987794, 0, -0.6727413, 0, 1, 0, 0.6727413, 0, -0.73987794, -26.25684, 0.3951397, -8.564071)

[node name="tree17" parent="Trees" instance=ExtResource("4_aqk2v")]
transform = Transform3D(-0.99851394, 0, 0.054497086, 0, 1, 0, -0.054497086, 0, -0.99851394, -17.277557, 0.3951397, -1.5029728)

[node name="tree18" parent="Trees" instance=ExtResource("4_aqk2v")]
transform = Transform3D(0.027258672, 0, 0.9996284, 0, 1, 0, -0.9996284, 0, 0.027258672, -12.420496, -0.10486412, -9.821543)

[node name="tree19" parent="Trees" instance=ExtResource("4_aqk2v")]
transform = Transform3D(1, 0, 0, 0, 1, 0, 0, 0, 1, -8.5490675, 0.5, -18.710205)

[node name="tree20" parent="Trees" instance=ExtResource("4_aqk2v")]
transform = Transform3D(1, 0, 0, 0, 1, 0, 0, 0, 1, -8.25342, 0.5, -28.438606)

[node name="tree27" parent="Trees" instance=ExtResource("3_tlwt5")]
transform = Transform3D(0.7582823, 0, -0.6519264, 0, 1, 0, 0.6519264, 0, 0.7582823, -28.377121, 0.4657662, -23.297031)

[node name="tree31" parent="Trees" instance=ExtResource("4_aqk2v")]
transform = Transform3D(-0.055019736, 0, 0.9984853, 0, 1, 0, -0.9984853, 0, -0.055019736, -20.240536, 0.44698465, -37.895233)

[node name="tree32" parent="Trees" instance=ExtResource("4_aqk2v")]
transform = Transform3D(-0.055019736, 0, 0.9984853, 0, 1, 0, -0.9984853, 0, -0.055019736, -25.012886, 0.3757825, -33.626198)

[node name="tree33" parent="Trees" instance=ExtResource("3_tlwt5")]
transform = Transform3D(-0.9996141, 0, -0.027781874, 0, 1, 0, 0.027781874, 0, -0.9996141, -36.17931, 0.3609059, -26.648556)

[node name="tree34" parent="Trees" instance=ExtResource("3_tlwt5")]
transform = Transform3D(-0.99961424, 0, -0.027781844, 0, 1, 0, 0.027781844, 0, -0.99961424, -41.38777, -0.8023221, -33.80478)

[node name="tree37" parent="Trees" instance=ExtResource("4_aqk2v")]
transform = Transform3D(-0.7216274, 0, 0.6922818, 0, 1, 0, -0.6922818, 0, -0.7216274, -34.77148, 0.3951397, -34.25575)

[node name="tree38" parent="Trees" instance=ExtResource("4_aqk2v")]
transform = Transform3D(0.6723539, 0, 0.7402299, 0, 1, 0, -0.7402299, 0, 0.6723539, -30.444035, -0.10486412, -30.206966)

[node name="tree42" parent="Trees" instance=ExtResource("3_tlwt5")]
transform = Transform3D(-0.94729406, 0, 0.32036513, 0, 1, 0, -0.32036513, 0, -0.94729406, -44.66419, 0.46577, -17.73537)

[node name="tree43" parent="Trees" instance=ExtResource("4_aqk2v")]
transform = Transform3D(-0.94729406, 0, 0.32036513, 0, 1, 0, -0.32036513, 0, -0.94729406, -45.410202, 0.5000038, -11.051001)

[node name="tree44" parent="Trees" instance=ExtResource("4_aqk2v")]
transform = Transform3D(-0.94729406, 0, 0.32036513, 0, 1, 0, -0.32036513, 0, -0.94729406, -43.222847, 0.5000038, -5.0330687)

[node name="tree45" parent="Trees" instance=ExtResource("4_aqk2v")]
transform = Transform3D(-0.43699017, 0, 0.8994663, 0, 1, 0, -0.8994663, 0, -0.43699017, -42.069397, 0.5000038, 1.2802544)

[node name="tree46" parent="Trees" instance=ExtResource("3_tlwt5")]
transform = Transform3D(0.8872203, 0, 0.46134606, 0, 1, 0, -0.46134606, 0, 0.8872203, -33.555218, 0.4657662, -10.39206)

[node name="tree47" parent="Trees" instance=ExtResource("3_tlwt5")]
transform = Transform3D(0.8872203, 0, 0.46134606, 0, 1, 0, -0.46134606, 0, 0.8872203, -19.868162, 0.4657662, 8.23957)

[node name="tree48" parent="Trees" instance=ExtResource("4_aqk2v")]
transform = Transform3D(0.8872203, 0, 0.46134606, 0, 1, 0, -0.46134606, 0, 0.8872203, -36.31101, 0.5, 5.42852)

[node name="tree50" parent="Trees" instance=ExtResource("3_tlwt5")]
transform = Transform3D(-0.56437653, 0, -0.8255174, 0, 1, 0, 0.8255174, 0, -0.56437653, -17.108192, 0.3048792, 16.981426)

[node name="tree51" parent="Trees" instance=ExtResource("4_aqk2v")]
transform = Transform3D(-0.56437653, 0, -0.8255174, 0, 1, 0, 0.8255174, 0, -0.56437653, -13.071423, 0.44698465, 8.986766)

[node name="tree52" parent="Trees" instance=ExtResource("4_aqk2v")]
transform = Transform3D(-0.56437653, 0, -0.8255174, 0, 1, 0, 0.8255174, 0, -0.56437653, -6.686325, 0.3757825, 8.506579)

[node name="tree53" parent="Trees" instance=ExtResource("3_tlwt5")]
transform = Transform3D(0.8098265, 0, -0.5866693, 0, 1, 0, 0.5866693, 0, 0.8098265, 1.782095, 0.3609059, 19.639063)

[node name="tree54" parent="Trees" instance=ExtResource("3_tlwt5")]
transform = Transform3D(0.8098265, 0, -0.58666945, 0, 1, 0, 0.58666945, 0, 0.8098265, -6.8767776, -0.8023221, 18.619583)

[node name="tree55" parent="Trees" instance=ExtResource("4_aqk2v")]
transform = Transform3D(-0.34606814, 0, -0.9382094, 0, 1, 0, 0.9382094, 0, -0.34606814, -30.92308, 0.3951397, 13.1018095)

[node name="tree56" parent="Trees" instance=ExtResource("4_aqk2v")]
transform = Transform3D(-0.34606814, 0, -0.9382094, 0, 1, 0, 0.9382094, 0, -0.34606814, -38.761524, 0.3951397, 11.079316)

[node name="tree57" parent="Trees" instance=ExtResource("4_aqk2v")]
transform = Transform3D(-0.9110439, 0, -0.41230953, 0, 1, 0, 0.41230953, 0, -0.9110439, -27.148735, 0.3951397, 0.8225393)

[node name="tree58" parent="Trees" instance=ExtResource("4_aqk2v")]
transform = Transform3D(-0.43699017, 0, 0.8994663, 0, 1, 0, -0.8994663, 0, -0.43699017, -27.051085, -0.10486412, 7.5876493)

[node name="tree59" parent="Trees" instance=ExtResource("4_aqk2v")]
transform = Transform3D(0.8872203, 0, 0.46134606, 0, 1, 0, -0.46134606, 0, 0.8872203, -33.807034, 0.5, -4.0694547)

[node name="tree60" parent="Trees" instance=ExtResource("4_aqk2v")]
transform = Transform3D(0.8872203, 0, 0.46134606, 0, 1, 0, -0.46134606, 0, 0.8872203, -38.032883, 0.5, -12.837086)

[node name="Walls" type="Node3D" parent="."]

[node name="CSGBox3D" type="CSGBox3D" parent="Walls"]
transform = Transform3D(1, 0, 0, 0, 1, 0, 0, 0, 1, -13.556694, 0, -20.542156)
use_collision = true
size = Vector3(70.39506, 1, 122.127396)
material = SubResource("StandardMaterial3D_k0juu")

[node name="CSGBox3D2" type="CSGBox3D" parent="Walls"]
transform = Transform3D(1, 0, 0, 0, 1, 0, 0, 0, 1, 10.140835, 2.5, -6.1207085)
use_collision = true
size = Vector3(1, 6, 10.35144)
material = SubResource("StandardMaterial3D_71j4m")

[node name="Sprite3D" type="Sprite3D" parent="Walls/CSGBox3D2"]
transform = Transform3D(-4.371139e-09, 0, 0.1, 0, 0.1, 0, -0.1, 0, -4.371139e-09, -0.5057745, 0.8768482, 0)
texture = ExtResource("6_o8fc1")

[node name="CSGBox3D4" type="CSGBox3D" parent="Walls"]
transform = Transform3D(1, 0, 0, 0, 1, 0, 0, 0, 1, 1.1408348, 2.5, -2.3189507)
use_collision = true
size = Vector3(1, 6, 3.3660889)
material = SubResource("StandardMaterial3D_71j4m")

[node name="CSGBox3D5" type="CSGBox3D" parent="Walls"]
transform = Transform3D(1, 0, 0, 0, 1, 0, 0, 0, 1, 1.1408348, 2.5, -9.001995)
use_collision = true
size = Vector3(1, 6, 4)
material = SubResource("StandardMaterial3D_71j4m")

[node name="CSGBox3D7" type="CSGBox3D" parent="Walls"]
transform = Transform3D(1, 0, 0, 0, 1, 0, 0, 0, 1, 1.1408348, 4.5, -5.501995)
use_collision = true
size = Vector3(1, 2, 3)
material = SubResource("StandardMaterial3D_71j4m")

[node name="CSGBox3D3" type="CSGBox3D" parent="Walls"]
transform = Transform3D(-4.371139e-08, 0, 1, 0, 1, 0, -1, 0, -4.371139e-08, 5.8922997, 2.5, -1.001995)
use_collision = true
size = Vector3(1, 6, 9.50293)
material = SubResource("StandardMaterial3D_71j4m")

[node name="CSGBox3D8" type="CSGBox3D" parent="Walls"]
transform = Transform3D(-4.371139e-08, 0, 1, 0, 1, 0, -1, 0, -4.371139e-08, 5.497402, 3, -11.001995)
use_collision = true
size = Vector3(1, 5, 9.723389)
material = SubResource("StandardMaterial3D_qfnet")

[node name="Sprite3D" type="Sprite3D" parent="Walls/CSGBox3D8"]
transform = Transform3D(0.001207813, 0, -0.6337251, 0, 0.07015251, 0, 0.0717057, 0, 0.010674487, -0.5439911, -1.178, 1.3729353)
visible = false
texture = ExtResource("6_w7kh3")

[node name="Sprite3D2" type="Sprite3D" parent="Walls/CSGBox3D8"]
transform = Transform3D(0.0028937657, -2.448314e-09, -0.64793825, -0.047477774, 0.19478138, -0.0030161587, 0.16510691, 0.056010894, 0.010488847, -0.5439911, -0.9605136, -1.4562316)
visible = false
texture = ExtResource("7_e3hyu")

[node name="Sprite3D3" type="Sprite3D" parent="Walls/CSGBox3D8"]
transform = Transform3D(0.005371588, -0.0012700179, -0.7543681, -0.07258421, 0.091324806, -0.02988901, 0.08397524, 0.07901805, 0.022419518, -0.5439911, -0.41131353, 2.259334)
visible = false
texture = ExtResource("8_q5onr")

[node name="Sprite3D4" type="Sprite3D" parent="Walls/CSGBox3D8"]
transform = Transform3D(-4.371139e-09, 0, -0.1, 0, 0.1, 0, 0.1, 0, -4.371139e-09, -0.5127888, 0.11685276, -2.1637774)
texture = ExtResource("7_xo05s")

[node name="CSGBox3D9" type="CSGBox3D" parent="Walls"]
transform = Transform3D(1, 0, 0, 0, 1, 0, 0, 0, 1.1077274, 1.141, 0.817, -5.502)
use_collision = true
size = Vector3(1, 2, 3)
material = SubResource("StandardMaterial3D_71j4m")

[node name="CSGBox3D6" type="CSGBox3D" parent="Walls"]
transform = Transform3D(-4.371139e-08, -1.9032586, 0, 1, -8.3194074e-08, 0, 0, 0, 1, 5.638369, 5.5508337, -5.986183)
use_collision = true
size = Vector3(1, 5.154907, 10.613403)
material = SubResource("StandardMaterial3D_71j4m")

[node name="CSGCylinder3D" type="CSGCylinder3D" parent="Walls"]
transform = Transform3D(0.049120788, 0, 0, 0, 0.04822782, 1.110223e-16, 0, 0, 0.03212854, 9.6089945, 1.8494967, -3.4472368)
height = 5.461426
material = SubResource("StandardMaterial3D_7r4gi")

[node name="CSGBox3D" type="CSGBox3D" parent="."]
transform = Transform3D(1, 0, 0, 0, 1, 0, 0, 0, 1, 10.118925, 1.8266873, -2.9485836)
size = Vector3(1, 2.6488037, 1.3928223)
material = SubResource("StandardMaterial3D_4mrxx")

[node name="SpotLight3D" type="SpotLight3D" parent="."]
transform = Transform3D(1, 0, 0, 0, 0.033643667, 0.99943393, 0, -0.99943393, 0.033643667, 6.737179, 5.014589, -5.9530115)
light_energy = 5.0
light_indirect_energy = 1.5
spot_range = 10.0
spot_angle = 90.0

[node name="OmniLight3D" type="OmniLight3D" parent="SpotLight3D"]
transform = Transform3D(1, 0, 0, 0, 0.033643663, -0.9994338, 0, 0.9994338, 0.033643663, 0, -0.014374256, -0.42699814)
light_energy = 1.325

[node name="DayNoise" type="AudioStreamPlayer2D" parent="."]
stream = ExtResource("6_i7141")
parameters/looping = true

[node name="NightNoise" type="AudioStreamPlayer2D" parent="."]
stream = ExtResource("6_qfnet")
volume_db = 2.0
parameters/looping = true

[node name="Table" type="Node3D" parent="."]

[node name="CSGBox3D" type="CSGBox3D" parent="Table"]
transform = Transform3D(1, 0, 0, 0, 1, 0, 0, 0, 1, 9.098743, 1.3720866, -6.068688)
use_collision = true
size = Vector3(1, 0.1, 1.5)
material = SubResource("StandardMaterial3D_e3hyu")

[node name="CSGBox3D2" type="CSGBox3D" parent="Table"]
transform = Transform3D(1, 0, 0, 0, 1, 0, 0, 0, 1, 8.729824, 0.37442732, -5.4574976)
use_collision = true
size = Vector3(0.1, 2, 0.1)
material = SubResource("StandardMaterial3D_e3hyu")

[node name="CSGBox3D3" type="CSGBox3D" parent="Table"]
transform = Transform3D(1, 0, 0, 0, 1, 0, 0, 0, 1, 8.729824, 0.37442732, -6.6768165)
use_collision = true
size = Vector3(0.1, 2, 0.1)
material = SubResource("StandardMaterial3D_e3hyu")

[node name="CSGBox3D4" type="CSGBox3D" parent="Table"]
transform = Transform3D(1, 0, 0, 0, 1, 0, 0, 0, 1, 9.4651575, 0.37442732, -5.4574976)
use_collision = true
size = Vector3(0.1, 2, 0.1)
material = SubResource("StandardMaterial3D_e3hyu")

[node name="CSGBox3D5" type="CSGBox3D" parent="Table"]
transform = Transform3D(1, 0, 0, 0, 1, 0, 0, 0, 1, 9.4651575, 0.37442732, -6.6768165)
use_collision = true
size = Vector3(0.1, 2, 0.1)
material = SubResource("StandardMaterial3D_e3hyu")

[node name="Book" type="CSGBox3D" parent="Table"]
transform = Transform3D(0.8660254, 0, 0.5, 0, 1, 0, -0.5, 0, 0.8660254, 9.075804, 1.4388067, -6.2379837)
size = Vector3(0.6, 0.05, 0.4)
material = SubResource("StandardMaterial3D_q5onr")

[node name="CSGBox3D" type="CSGBox3D" parent="Table/Book"]
transform = Transform3D(-1, 0, 8.742278e-08, 0, 1, 0, -8.742278e-08, 0, -1, 0, 0.025284886, 0)
operation = 2
size = Vector3(0.6, 0.001, 0.4)
material = SubResource("StandardMaterial3D_jhx03")
